2,2
337.0,93.0 538.0,91.0 710.0,84.0 211.0,90.0 730.0,231.0 568.0,231.0 382.0,231.0 212.0,359.0 743.0,355.0 473.0,230.0 416.0,84.0 532.0,334.0 559.0,470.0 741.0,482.0 235.0,482.0 282.0,231.0 390.0,484.0 368.0,346.0 
5 5 5 5 5 5 5 5 5 5 5 5 5 5 5 5 5 5 5 5 5 5 5 5 5 5 5 5 5 
5 16 6 6 6 6 6 6 6 6 6 6 6 6 6 6 6 6 6 6 6 6 6 6 6 15 5 5 5 
5 8 0 0 0 0 0 0 0 0 0 0 0 0 0 0 0 0 0 0 0 0 0 0 0 11 15 5 5 
5 8 0 0 0 0 0 0 0 0 0 0 0 0 0 0 0 0 0 0 0 0 0 0 0 0 11 15 5 
5 14 3 3 3 3 3 3 3 3 3 3 3 3 3 3 3 3 3 3 3 3 3 3 10 0 0 7 5 
5 5 5 16 6 6 6 6 6 6 6 6 6 6 6 6 6 6 6 6 6 6 6 6 12 0 0 7 5 
5 5 16 12 0 0 0 0 0 0 0 0 0 0 0 0 0 0 0 0 0 0 0 0 0 0 9 13 5 
5 16 12 0 0 0 0 0 0 0 0 0 0 0 0 0 0 0 0 0 0 0 0 0 0 9 13 5 5 
5 8 0 0 9 3 3 3 3 3 3 3 3 3 3 3 3 3 3 3 3 3 3 3 3 13 5 5 5 
5 8 0 0 11 6 6 6 6 6 6 6 6 6 6 6 6 6 6 6 6 6 6 6 6 15 5 5 5 
5 14 10 0 0 0 0 0 0 0 0 0 0 0 0 0 0 0 0 0 0 0 0 0 0 11 15 5 5 
5 5 14 10 0 0 0 0 0 0 0 0 0 0 0 0 0 0 0 0 0 0 0 0 0 0 11 15 5 
5 5 5 14 3 3 3 3 3 3 3 3 3 3 3 3 3 3 3 3 3 3 3 3 10 0 0 7 5 
5 5 5 16 6 6 6 6 6 6 6 6 6 6 6 6 6 6 6 6 6 6 6 6 12 0 0 7 5 
5 5 16 12 0 0 0 0 0 0 0 0 0 0 0 0 0 0 0 0 0 0 0 0 0 0 9 13 5 
5 16 12 0 0 0 0 0 0 0 0 0 0 0 0 0 0 0 0 0 0 0 0 0 0 9 13 5 5 
5 8 0 0 9 3 3 3 3 3 3 3 3 3 3 3 3 3 3 3 3 3 3 3 3 13 5 5 5 
5 8 0 0 11 6 6 15 16 6 6 6 6 6 6 6 6 6 6 6 6 6 6 6 6 6 6 15 5 
5 8 0 0 0 0 17 7 8 0 0 0 0 0 0 0 0 0 0 0 0 0 0 0 0 0 0 7 5 
5 8 0 0 9 3 3 13 8 0 0 0 0 0 0 0 0 0 0 0 0 0 0 0 0 0 0 7 5 
5 8 0 0 11 6 6 6 12 0 0 0 0 0 0 0 0 0 0 0 0 0 0 0 0 0 0 7 5 
5 8 0 0 0 0 0 0 0 0 0 0 0 0 0 0 0 0 0 0 0 0 0 0 0 0 0 7 5 
5 8 0 0 0 0 0 0 0 0 0 0 0 0 0 0 0 0 0 0 0 0 0 0 0 0 0 7 5 
5 8 0 0 0 0 0 0 0 0 0 0 0 0 0 0 0 0 0 0 0 0 0 0 0 0 0 7 5 
5 8 0 0 0 0 0 0 0 0 0 0 0 0 0 0 0 0 0 0 0 0 0 0 0 0 0 7 5 
5 8 0 0 0 0 0 0 0 0 0 0 0 0 0 0 0 0 0 0 0 0 0 0 0 0 0 7 5 
5 8 0 0 0 0 0 0 0 0 0 0 0 0 0 0 0 0 0 0 0 0 0 0 0 0 0 7 5 
5 14 3 3 3 3 3 3 3 3 3 3 3 3 3 3 3 3 3 3 3 3 3 3 3 3 3 13 5 
5 5 5 5 5 5 5 5 5 5 5 5 5 5 5 5 5 5 5 5 5 5 5 5 5 5 5 5 5 
