3,8
729.0,482.0 831.0,481.0 512.0,186.0 731.0,678.0 91.0,803.0 161.0,803.0 283.0,771.0 333.0,802.0 423.0,803.0 522.0,795.0 535.0,746.0 621.0,809.0 721.0,809.0 816.0,798.0 
5 5 5 5 5 5 5 5 5 5 5 5 5 5 5 5 5 5 5 5 5 5 5 5 5 5 5 5 5 
5 16 6 6 6 6 6 6 6 6 6 6 6 6 6 6 6 6 6 6 6 6 6 6 6 6 6 15 5 
5 8 0 0 0 0 0 0 0 0 0 0 0 0 0 0 0 0 0 0 0 0 0 0 0 0 0 7 5 
5 8 0 0 0 0 0 0 0 0 0 0 0 0 0 0 0 0 0 0 0 0 0 0 0 0 0 7 5 
5 8 0 0 0 0 0 0 0 0 0 0 0 0 0 0 0 0 0 0 0 0 0 0 0 0 0 7 5 
5 8 0 0 0 0 0 0 0 0 0 0 0 0 0 0 0 0 0 0 0 0 0 0 0 0 0 7 5 
5 8 0 0 0 0 0 0 0 0 0 0 0 0 0 0 0 0 0 0 0 0 0 0 0 0 0 7 5 
5 8 0 0 0 0 0 0 0 0 0 0 0 0 0 2 3 3 4 0 0 0 0 0 0 0 0 7 5 
5 8 0 0 0 0 0 0 0 0 0 0 0 0 0 0 0 0 0 0 0 0 0 0 0 0 0 7 5 
5 8 0 0 0 9 3 10 0 0 0 2 3 4 0 0 0 0 0 0 0 0 0 0 0 0 0 7 5 
5 8 0 9 3 13 5 14 10 0 0 0 0 0 0 0 0 0 0 0 9 10 0 0 0 0 0 7 5 
5 8 0 11 6 6 6 6 12 0 0 0 0 0 0 0 0 0 0 0 11 12 0 0 0 0 0 7 5 
5 8 0 0 0 0 0 0 0 0 0 0 0 0 0 0 0 0 0 0 0 0 0 0 0 0 0 7 5 
5 8 0 0 0 0 0 0 0 0 0 0 0 0 0 0 0 0 0 0 0 0 0 0 0 0 0 7 5 
5 8 0 2 4 0 0 0 0 0 0 0 0 0 0 0 0 0 0 0 0 0 0 0 0 0 0 7 5 
5 8 0 0 0 0 0 0 0 0 0 0 0 0 0 0 0 0 0 0 0 0 0 0 0 0 0 7 5 
5 8 0 0 0 0 0 0 0 0 0 0 0 0 0 0 0 0 0 0 9 3 3 10 0 9 3 13 5 
5 8 0 0 2 4 0 0 0 0 0 0 0 0 0 0 0 0 0 0 7 5 16 12 0 11 15 5 5 
5 8 0 0 0 0 0 0 0 0 0 0 0 0 0 0 0 0 0 0 7 16 12 0 0 0 11 15 5 
5 8 0 0 0 0 0 0 0 0 0 0 0 0 0 0 0 0 0 0 7 8 0 0 0 0 0 7 5 
5 8 0 0 0 2 4 0 0 0 0 0 0 0 0 0 0 0 0 0 7 8 0 0 0 0 0 7 5 
5 8 0 0 0 0 0 0 0 0 0 0 0 0 0 0 0 0 0 0 7 8 0 0 0 0 17 7 5 
5 8 0 0 0 0 0 0 2 4 0 0 0 0 0 0 0 0 0 0 7 14 3 3 3 3 3 13 5 
5 8 0 0 0 0 0 0 0 0 0 0 0 0 0 0 0 0 0 0 11 6 6 6 6 6 6 15 5 
5 8 0 0 0 0 0 0 0 0 0 0 0 0 0 0 0 0 0 0 0 0 0 0 0 0 0 7 5 
5 8 0 0 0 0 0 0 0 0 0 0 0 0 0 0 0 0 0 0 0 0 0 0 0 0 0 7 5 
5 8 0 0 0 0 0 0 0 0 0 0 0 0 0 0 0 0 0 0 0 0 0 0 0 0 0 7 5 
5 14 3 3 3 3 3 3 3 3 3 3 3 3 3 3 3 3 3 3 3 3 3 3 3 3 3 13 5 
5 5 5 5 5 5 5 5 5 5 5 5 5 5 5 5 5 5 5 5 5 5 5 5 5 5 5 5 5 
